LOGIC WALL MAP:

-1. circle wall
-2. corner out top left
-3. corner out top right
-4. corner out bottom right
-5. corner out bottom left
-6. u corner top
-7. u corner right
-8. .... 	bottom
-9. ...		left
-10. edge vert
-11. edge horizontal
-12. rect brick


Smile:
- colorful: {"time":30,"moves":10000,"slots":7,"width":9,"height":10,"buses":[2,1,4,0,3,1,2,4,0,3,4],"stickmans":[[0,0,0,0,2,2,2,1,1],[0,-2,-11,-3,2,-2,-11,-3,1],[0,-8,2,-8,2,-8,1,-8,3],[0,2,2,2,1,1,1,3,3],[2,2,2,1,1,1,1,3,3],[2,-6,1,1,1,3,3,-6,3],[2,-10,1,1,3,3,3,-10,4],[1,-5,-11,-11,-11,-11,-11,-4,4],[1,1,2,3,3,3,4,4,4],[1,3,3,3,3,4,4,4,4]]}


- neon yellow only: {"time":30,"moves":10000,"slots":7,"width":9,"height":10,"buses":[4,4,4,2,4,4,4,4,4,4,4],"stickmans":[[4,4,4,4,4,4,4,4,4],[4,-2,-11,-3,2,-2,-11,-3,4],[4,-8,4,-8,2,-8,4,-8,4],[4,4,4,4,2,4,4,4,4],[4,4,4,4,4,4,4,4,4],[4,-6,4,4,4,4,4,-6,4],[4,-10,4,4,4,4,4,-10,4],[4,-5,-11,-11,-11,-11,-11,-4,4],[4,4,4,0,0,0,4,4,4],[4,4,4,4,4,4,4,4,4]]}


- smile large 12x12:
{"time":30,"moves":10000,"slots":7,"width":12,"height":12,"buses":[5,6,5,7,6,5,5,6,5,5,5],"stickmans":[[5,5,5,5,5,5,5,5,5,5,5,0],[5,6,6,6,5,5,5,6,6,6,5,0],[5,6,6,6,5,5,5,6,6,6,5,0],[5,6,6,6,5,5,5,6,6,6,5,0],[5,5,5,5,5,5,5,5,5,5,5,0],[5,5,5,5,5,5,5,5,5,5,5,0],[5,6,6,5,5,5,5,5,6,6,5,0],[5,6,6,6,5,5,5,6,6,6,5,0],[5,5,6,6,6,6,6,6,6,7,5,0],[5,5,5,6,6,6,6,6,7,7,7,0],[5,5,5,5,5,5,5,5,5,7,7,0],[5,5,5,5,5,5,5,5,5,5,5,0]]}

- playable heart:
{"time":30,"moves":10000,"slots":7,"width":9,"height":8,"buses":[3,3,2,7,3,2,3,2,7,3,2],"stickmans":[[-7,2,7,-9,-11,-7,3,2,-9],[2,7,3,3,-8,7,3,3,7],[3,3,7,3,7,2,2,7,3],[3,2,2,3,3,7,7,2,3],[-3,2,2,2,7,3,3,3,-2],[-12,-3,3,3,2,7,7,-2,-12],[-12,-12,-3,3,2,2,-2,-12,-12],[-12,-12,-12,-3,7,-2,-12,-12,-12]]}

- us flag:
{"time":30,"moves":10000,"slots":7,"width":13,"height":11,"buses":[1,6,7,6,7,1,7,6,1,1,1,6,7],"stickmans":[[1,6,1,6,1,7,7,7,7,7,7,7,7],[6,1,6,1,6,6,6,6,6,6,6,6,6],[1,6,1,6,1,7,7,7,7,7,7,7,7],[6,1,6,1,6,6,6,6,6,6,6,6,6],[1,6,1,6,1,7,7,7,7,7,7,7,7],[6,6,6,6,6,6,6,6,6,6,6,6,6],[7,7,7,7,7,7,7,7,7,7,7,7,7],[6,6,6,6,6,5,5,5,6,6,6,6,6],[7,7,7,7,7,7,7,7,7,7,7,7,7],[6,6,6,6,6,6,6,6,6,6,6,6,6],[7,7,7,7,7,7,7,7,7,7,7,7,7]]}


